
1	428026
2	203477
3	197345
4	181790
5	153644
6	154972
7	124417
8	142372
9	217074
10	23464
11	169916
12	173878
13	142020
14	105177
15	93199
16	141595
17	170606
18	212409
19	137463
20	131056
21	158549
22	262881
23	192871
24	184258
25	178866
26	32968
27	188814
28	189074
29	130431
30	224778
31	113918
32	174581
34	212268
35	211645
39	29392
40	231009
43	208201
44	184983
46	193779
47	165416
48	139837
49	341671
50	95925
51	73788
52	116903
53	274244
54	89604
55	86133
57	135602
59	70397
60	130147
61	348592
62	92800
63	70952
64	179728
65	155135
66	105627
67	101238
68	72101
69	150017
70	196177
71	133614
72	164946
73	143051
74	19208
75	105617
76	113260
77	82402
78	88365
79	52374
80	92475
81	115566
82	194045
83	106448
84	232765
85	141990
87	171381
88	208453
89	205776
90	64210
91	179674
92	379510
93	124535
94	426546
95	105409
96	168154
97	126778
98	237916
99	148304
100	86087
101	33606
102	49881
103	39580
105	223779
106	162891
107	172655
108	190271
109	112732
110	217160
111	133148
112	123544
113	115946
114	135956
115	95887
116	73235
117	132851
118	241626
119	148733
120	366747
121	106864
123	106460
124	136177
125	123964
126	160855
127	100886
128	194541
129	198424
130	161973
131	161096
132	93117
134	288921
135	253288
136	193229
137	214422
138	48493
139	246456
140	224174
141	86329
142	84302
143	88614
144	104159
145	23711
146	56118
147	31084
148	15481
149	133997
150	67612
151	65648
152	34286
153	36680
154	18545
155	64625
156	32728
157	23205
158	48947
159	19433
160	22492
162	297377
163	423009
164	89312
165	37154
166	57533
167	49853
168	35935
170	67765
172	262503
173	158731
174	287279
175	196111
176	153463
177	151352
178	173439
179	134699
180	95901
181	159012
182	295960
183	235840
184	212344
185	181934
186	56563
187	193410
188	211465
189	104197
190	158697
191	104558
192	200862
193	229053
194	292823
195	124653
196	134983
197	170764
198	182992
200	143161
201	143632
202	240256
203	123069
204	130193
205	135354
206	228697
207	81111
208	140219
209	124218
211	106141
212	98791
215	254394
216	216481
217	283535
219	239207
220	176907
221	142853
223	141629
224	215019
225	136861
226	159870
227	131766
228	82233
229	31131
230	37222
231	33753
232	24242
233	158199
234	28222
235	141047
236	157827
237	141455
238	204938
239	148697
240	151470
241	166231
242	150613
243	115393
244	156869
245	136556
246	161357
247	124272
248	185844
249	123049
250	23026
251	115028
252	168771
253	225976
254	195677
255	153478