1 428024
1 2
2 203477
3 197345
4 181790
5 153644
6 154972
7 124417
8 142372
9 217074
10 23464
11 169916
12 173878
13 142020
14 105177
15 93199
16 141595
17 170606
18 212409
19 137463
20 352066
23 365526
24 184258
25 178866
27 213317
28 189074
29 130431
30 224778
31 113918
32 174581
33 188494
34 212268
35 211645
36 138740
38 35618
39 29392
40 24525
41 217383
42 34491
43 208201
44 184983
45 142473
46 193779
47 165416
48 139837
49 159489
50 95925
51 73788
52 116903
53 82913
54 89604
55 86133
56 105418
57 98883
58 15871
59 70397
60 130147
61 134969
62 92800
63 70952
65 155135
66 266723
67 101238
68 278585
69 150017
71 133614
72 379368
73 143051
74 265664
75 105617
77 82402
78 176979
79 52374
81 115566
82 225129
83 106448
85 141990
87 171381
89 205776
90 252076
92 211080
93 124535
95 105409
97 126778
98 479746
99 148304
101 213280
103 39580
105 382328
106 494044
108 349002
109 112732
111 133148
112 274896
113 115946
115 95887
117 132851
119 148733
121 106864
123 106460
125 123964
127 100886
128 194541
129 378152
130 161973
132 93117
134 288921
135 414974
136 193229
138 48493
140 224174
141 199589
142 84302
144 104159
145 116186
146 56118
148 39723
150 95834
152 34286
153 245133
154 107857
156 32728
158 48947
159 264813
160 22492
161 330631
162 297377
166 57533
167 99734
168 35935
170 67765
172 262503
174 287279
175 413271
176 153463
178 173439
179 270655
180 95901
181 232247
182 295960
183 477466
184 212344
185 391452
186 56563
187 224298
188 211465
189 240374
190 158697
191 265413
192 200862
193 229053
194 104329
195 124653
196 134983
197 141389
198 158489
199 112894
200 143161
201 143632
202 22873
203 123069
204 130193
205 135354
206 86224
207 81111
208 140219
209 124218
210 182182
211 106141
212 98791
213 157229
214 191331
215 223506
216 216481
217 177763
218 118952
220 176907
221 142853
222 213623
223 141629
224 215019
225 136861
226 159870
227 131766
229 234720
230 37222
231 33753
233 257066
235 372003
236 157827
237 141455
238 204938
239 148697
240 151470
241 166231
242 150613
243 115393
244 156869
245 136556
246 161357
247 124272
248 185844
249 123049
250 23026
251 115028
252 168771
253 225976
254 195677
255 153478
